epoch;loss;val_loss
0;2044.1734880109834;100.00633427560936
1;151.37551159465218;167.91578373890815
2;582.1569913956778;95.28000874590178
3;116.84784918599955;68.27963394695637
4;174.88022131071844;32.22300762061233
5;74.83450919549158;67.81094804346633
6;62.005913895925005;21.48859740945422
7;756.3847266014775;97.09355202511442
8;66.22290260413969;53.98903449856762
9;70.3470841697774;83.7769328022877
10;172.5438942792337;79.45012457560316
11;82.97710528352602;88.69773308075143
0;6.930574e-05;-544.3834041668171;4.1261169826611876e-05;-575.5716205162937
1;3.2164968e-05;-591.5159487354476;2.9878778150305152e-05;-616.9935870777122
2;3.2342676e-05;-576.2672915381704;2.774457971099764e-05;-547.2095916523998
3;2.4878982e-05;-571.7904941429956;2.561038127169013e-05;-609.2922378009442
4;2.9321656e-05;-572.8606189425684;1.9919185433536768e-05;-580.1259739815928
5;2.4701274e-05;-370.09612179364467;1.1382391676306725e-05;-387.8856214614824
6;2.1680255e-05;-336.04568899985236;1.7073587514460087e-05;-351.20198601402547
0;0.0;-5.7819008142870985;0.0;-6.478405309397822
1;0.0;-6.917813535127475;0.0;-7.081274588807809
2;0.0;-6.853256585817784;0.0;-5.010810601705167
0;4.0694904e-05;-506.7626666416325;2.774457971099764e-05;-613.2502498547467
1;2.9499364e-05;-596.9008133814536;3.201297658961266e-05;-619.8554015734655
2;2.558981e-05;-445.44557513022386;2.0630584913305938e-05;-561.6648034704789
3;1.901465e-05;-589.6767048639672;2.703318023122847e-05;-600.9372393144744
4;2.0969428e-05;-471.65710129098835;1.7073587514460087e-05;-564.9206430492604
5;1.6171338e-05;-585.1734860259884;2.134198439307511e-05;-592.0554890019588
6;2.2213377e-05;-553.9036029408365;2.916737867053598e-05;-606.490681636151
7;2.1147134e-05;-563.5186950291823;9.959592716768384e-06;-593.7374605284454
8;1.4927389e-05;-584.5143046108777;1.3516590115614235e-05;-582.7451418468008
9;1.5105096e-05;-545.2344767233803;1.2805190635845065e-05;-508.96801744960067
0;0.9661767;7450.650783413462;0.9795401692390442;162.96673607995845
1;0.9786517;193.5085816940696;0.9798446297645569;108.09041973086008
2;0.9821241;115.04672718706335;0.9867850542068481;85.63536961808242
3;0.9846283;330.4744653009987;0.9862927794456482;92.48266694634079
4;0.98816687;92.67099988290134;0.9892479181289673;83.75041304936713
5;0.987311;184.7195969381075;0.9898369312286377;100.43379743727044
6;0.98993856;105.8761452289894;0.9904743432998657;104.75212933292468
7;0.9777749;526.2593040839424;0.9819944500923157;128.9896594952807
8;0.9825776;119.48185058160736;0.9838085770606995;105.7869736179332
9;0.98403513;111.7134606523156;0.9849183559417725;106.28609674775154
10;0.9812988;683.7253041664068;0.9828183054924011;105.25408767900798
11;0.98322874;130.2592597043714;0.9829378128051758;119.1289122709952
12;0.98376894;115.65925440042344;0.9838668704032898;116.44680888594048
13;0.97873664;5891.848138799076;0.9822704792022705;133.94126696567884
14;0.98275036;127.18863264769584;0.9832820892333984;121.04717074227004
15;0.98369646;118.33936505257999;0.983755886554718;107.63690546587314
16;0.9823196;164.54045503126497;0.9834414720535278;112.04193324987364
17;0.98401314;117.43216999532903;0.9833688735961914;105.64175255230363
18;0.98207647;260.08458321035585;0.9829249978065491;107.59279082019683
19;0.983383;118.42402186247888;0.9837146401405334;110.75244583577981
20;0.9839072;116.21619054799856;0.9839650392532349;105.39144014963475
21;0.9789147;5847.752847819033;0.9825707077980042;115.78005334373137
22;0.9828886;123.29308339358249;0.9827741980552673;245.79773255940296
23;0.98209995;179.9994375004755;0.9819276332855225;556.9397583285703
24;0.9801288;708.2625185880757;0.9829662442207336;102.23676608800278
25;0.9831214;133.09300816985714;0.9835766553878784;113.74473132276283
26;0.9818241;391.0268944583233;0.9830929040908813;112.79442610872822
27;0.9831154;120.79878809752348;0.9834955334663391;105.44318735898712
28;0.9619046;30568.591120519013;0.9767329692840576;354.18422934443316
29;0.9790942;259.7755993830951;0.9826845526695251;114.68109298071249
30;0.9825179;126.96367533003689;0.9825664162635803;134.72714645153877
31;0.9828623;119.49164529187419;0.9832394123077393;112.60097811121803
32;0.9833677;118.22230812447117;0.9829078912734985;124.79044909176277
33;0.980845;340.83444741480974;0.9819574952125549;128.51095936385346
34;0.98171216;126.49638425944832;0.9822534322738647;111.09858602878005
35;0.9827059;111.57570867927363;0.9830829501152039;104.99331106501036
36;0.98331296;108.02484803171262;0.9827158451080322;112.29119024992627
37;0.9805987;84577.65662285306;0.9819944500923157;108.7255697657975
38;0.98176014;129.42466068321377;0.9822349548339844;107.03818944864054
39;0.98257655;231.61953899097932;0.9828382134437561;109.20828631449204
40;0.98310786;114.44918286535072;0.9831497669219971;103.36858459450077
41;0.98156434;60336.27676671042;0.9818009734153748;109.59206397002467
42;0.981935;110.86614392669604;0.982323169708252;102.76527382228271
43;0.9819766;307.74496891635823;0.968097984790802;817.9386432133825
44;0.9821536;137.22644997800916;0.9826973676681519;107.93445935150818
45;0.9828957;136.97258945674722;0.9830829501152039;276.016021079381
46;0.98316157;114.3465803325341;0.9830942749977112;100.11052577493268
47;0.983539;103.23848024977406;0.9834016561508179;101.63686208283715
48;0.98369646;133.89232199189047;0.9835922718048096;98.51623728854554
49;0.98382264;103.1127573197789;0.9839081168174744;97.18588369055904
50;0.9837537;103.71077913427243;0.9838569164276123;99.22438070451275
51;0.98353475;3332.5064448501093;0.9833575487136841;97.68107836421936
52;0.9837832;100.56098117141387;0.9835609793663025;99.71334407464026
53;0.98408455;99.40050185682806;0.9838370084762573;92.30850127284579
54;0.98368293;171.73861326392998;0.9837886095046997;98.44970707890387
55;0.98395056;146.28247704119755;0.9838981628417969;94.12749431962463
56;0.98397404;102.86103165603797;0.9837701320648193;98.92068038025562
57;0.9834224;7933.4286009239095;0.983283519744873;140.09697813963578
58;0.98397684;106.20952842105764;0.984050452709198;112.50815314013444
59;0.98377925;135.3879808717169;0.9836591482162476;95.14429357586327
60;0.9839015;100.31178776275468;0.9838597774505615;92.51427611764103
61;0.9840952;96.14337257799966;0.9836278557777405;98.0210167733561
62;0.98434865;94.58067166584696;0.9844772815704346;88.89320232256102
63;0.98431665;96.51015303439142;0.9843207597732544;89.6730909538041
64;0.98436284;93.2883040917828;0.9845669269561768;85.39090309915949
65;0.9845292;96.42700021910144;0.9842112064361572;90.65633084461798
66;0.98449224;96.18098735942195;0.9843506217002869;89.25992810942589
67;0.98370785;121.05187709735489;0.9831085205078125;100.91274598395029
68;0.9835461;100.36185318628111;0.9839152693748474;110.40063876442467
69;0.98357385;147.5982969450563;0.9838569164276123;95.96900178282854
70;0.98330796;175.0832577743881;0.9825251698493958;93.50215397523725
71;0.9831473;2395.0666784097407;0.9821965098381042;99.12171036972819
72;0.9830588;101.81538936687308;0.9832408428192139;95.94907050382147
73;0.983475;100.64485894536435;0.9837786555290222;95.4644516884151
74;0.9838706;99.03206529198437;0.9839863777160645;94.70697757655165
75;0.98401594;99.16802928060999;0.984215497970581;92.54960572252126
76;0.98416203;99.23799280016986;0.9841229915618896;94.93053666510421
77;0.9838802;350.59607271536976;0.9839394688606262;94.49814852025837
78;0.9839804;98.89903690011306;0.984050452709198;103.10791993517032
79;0.9841695;94.28576886057773;0.9845299124717712;84.71782687300468
80;0.98397225;107.62190566638226;0.9837473630905151;95.91390935394043
81;0.9840476;94.43814602184673;0.9842240214347839;84.0620638019813
82;0.9840074;90.32016037020603;0.9841016530990601;96.56350538282985
83;0.98420966;1526.279638904161;0.9827812910079956;158.45627366048015
84;0.9836776;117.82003173416234;0.9841855764389038;84.64202730217802
85;0.98348284;3387.0869687100294;0.9827030301094055;95.06152929376914
86;0.9836929;94.63675754402672;0.9842467904090881;87.39490530092087
87;0.98423386;90.76935101811566;0.9842182993888855;85.16669187121884
88;0.9842594;91.00724705121051;0.983755886554718;84.88862141710199
89;0.9843639;90.1516689901128;0.9845910668373108;84.52661878893991
90;0.984338;90.62036242467997;0.9844018816947937;86.23756057192595
91;0.9844478;91.12426051759573;0.9844473600387573;87.30444770456073
92;0.9844282;92.20250258767504;0.9839422702789307;85.79035188081045
93;0.9832998;96.30755460943332;0.9836249947547913;88.87522501525132
94;0.983206;9697.453002722521;0.983457088470459;87.96747387130587
95;0.98374087;92.01053003637402;0.9841542840003967;86.24692621068796
96;0.984097;95.96655402708667;0.9843278527259827;84.9030268940343
97;0.9843696;90.36899850078376;0.9845042824745178;85.75323323762231
98;0.98431486;89.9477917234115;0.9843264222145081;143.7158092664645
99;0.9839925;4127546.9099669983;0.984188437461853;84.96846875025791
